protocol=H-20260908-04 CSP search for injective U7∪φ11-safe lag-15 charges
source_revision=8b07f93fbbb17352c091cabaa333fc366a66c04f
script_sha256=6dc17781f5f60dde592bc34a80d3d0dcb5e735d0ce9c36c42382009e17354e0b
raw_lag15=263
min_lag15=155
OPTIONS={"type": [1, 2, 3, 12, 13, 14, 15], "safe": [3, 13, 15]}
OPTIONS={"type": [1, 2, 4, 11, 13, 14, 15], "safe": [4, 13, 14, 15]}
OPTIONS={"type": [1, 2, 5, 10, 13, 14, 15], "safe": [5, 13, 14, 15]}
OPTIONS={"type": [1, 2, 5, 11, 12, 14, 15], "safe": [5, 12, 15]}
OPTIONS={"type": [1, 2, 6, 9, 13, 14, 15], "safe": [9, 15]}
OPTIONS={"type": [1, 2, 6, 10, 12, 14, 15], "safe": [12, 14, 15]}
OPTIONS={"type": [1, 2, 6, 11, 12, 13, 15], "safe": [15]}
OPTIONS={"type": [1, 2, 7, 8, 13, 14, 15], "safe": [8, 14]}
OPTIONS={"type": [1, 2, 7, 9, 12, 14, 15], "safe": [9, 12, 14, 15]}
OPTIONS={"type": [1, 2, 7, 10, 11, 14, 15], "safe": [10, 11, 14, 15]}
OPTIONS={"type": [1, 2, 7, 10, 12, 13, 15], "safe": [12, 13, 15]}
OPTIONS={"type": [1, 2, 7, 11, 12, 13, 14], "safe": [12, 13, 14]}
OPTIONS={"type": [1, 2, 8, 9, 11, 14, 15], "safe": [9, 11, 14, 15]}
OPTIONS={"type": [1, 2, 8, 9, 12, 13, 15], "safe": [9, 12, 13, 15]}
OPTIONS={"type": [1, 2, 8, 10, 11, 13, 15], "safe": [10, 11, 13]}
OPTIONS={"type": [1, 2, 8, 10, 12, 13, 14], "safe": [10, 12, 13, 14]}
OPTIONS={"type": [1, 3, 4, 10, 13, 14, 15], "safe": [3, 4, 13, 14, 15]}
OPTIONS={"type": [1, 3, 4, 11, 12, 14, 15], "safe": [3, 4, 12, 15]}
OPTIONS={"type": [1, 3, 5, 9, 13, 14, 15], "safe": [3, 5, 15]}
OPTIONS={"type": [1, 3, 5, 10, 12, 14, 15], "safe": [3, 5, 12, 14, 15]}
OPTIONS={"type": [1, 3, 5, 11, 12, 13, 15], "safe": [3, 5, 12, 15]}
OPTIONS={"type": [1, 3, 6, 8, 13, 14, 15], "safe": [3, 6, 8]}
OPTIONS={"type": [1, 3, 6, 9, 12, 14, 15], "safe": [3, 6, 9, 14, 15]}
OPTIONS={"type": [1, 3, 6, 10, 11, 14, 15], "safe": [3, 6, 11, 14, 15]}
OPTIONS={"type": [1, 3, 6, 10, 12, 13, 15], "safe": [3, 6, 12, 13, 15]}
OPTIONS={"type": [1, 3, 6, 11, 12, 13, 14], "safe": [3, 6, 14]}
OPTIONS={"type": [1, 3, 7, 8, 12, 14, 15], "safe": [3, 8, 14, 15]}
OPTIONS={"type": [1, 3, 7, 9, 11, 14, 15], "safe": [3, 9, 11, 14, 15]}
OPTIONS={"type": [1, 3, 7, 9, 12, 13, 15], "safe": [3, 9, 12, 13, 15]}
OPTIONS={"type": [1, 3, 7, 10, 11, 13, 15], "safe": [3, 10, 11, 13]}
OPTIONS={"type": [1, 3, 7, 10, 12, 13, 14], "safe": [3, 12, 13, 14]}
OPTIONS={"type": [1, 3, 8, 9, 10, 14, 15], "safe": [3, 10, 15]}
OPTIONS={"type": [1, 3, 8, 9, 11, 13, 15], "safe": [3, 11, 13]}
OPTIONS={"type": [1, 3, 8, 9, 12, 13, 14], "safe": [3, 12, 13, 14]}
OPTIONS={"type": [1, 3, 9, 10, 11, 12, 14], "safe": [3, 10, 11, 12, 14]}
OPTIONS={"type": [1, 4, 5, 8, 13, 14, 15], "safe": [5, 8]}
OPTIONS={"type": [1, 4, 5, 9, 12, 14, 15], "safe": [5, 14, 15]}
OPTIONS={"type": [1, 4, 5, 10, 11, 14, 15], "safe": [5, 11, 14, 15]}
OPTIONS={"type": [1, 4, 5, 10, 12, 13, 15], "safe": [5, 12, 13, 15]}
OPTIONS={"type": [1, 4, 5, 11, 12, 13, 14], "safe": [5, 12, 14]}
OPTIONS={"type": [1, 4, 6, 7, 13, 14, 15], "safe": [6, 7, 14]}
OPTIONS={"type": [1, 4, 6, 8, 12, 14, 15], "safe": [6, 8, 14, 15]}
OPTIONS={"type": [1, 4, 6, 9, 11, 14, 15], "safe": [6, 9, 11, 14, 15]}
OPTIONS={"type": [1, 4, 6, 9, 12, 13, 15], "safe": [6, 9, 12, 13, 15]}
OPTIONS={"type": [1, 4, 6, 10, 11, 13, 15], "safe": [6, 11, 13]}
OPTIONS={"type": [1, 4, 6, 10, 12, 13, 14], "safe": [6, 12, 13, 14]}
OPTIONS={"type": [1, 4, 7, 8, 11, 14, 15], "safe": [4, 7, 8, 11, 14]}
OPTIONS={"type": [1, 4, 7, 8, 12, 13, 15], "safe": [4, 7, 8, 13, 15]}
OPTIONS={"type": [1, 4, 7, 9, 10, 14, 15], "safe": [4, 9, 10, 15]}
OPTIONS={"type": [1, 4, 7, 9, 11, 13, 15], "safe": [4, 9, 11, 13]}
OPTIONS={"type": [1, 4, 7, 9, 12, 13, 14], "safe": [4, 9, 12, 13, 14]}
OPTIONS={"type": [1, 4, 8, 9, 10, 13, 15], "safe": [4, 9, 10, 13]}
OPTIONS={"type": [1, 4, 8, 10, 11, 12, 14], "safe": [4, 10, 11, 12, 14]}
OPTIONS={"type": [1, 4, 9, 10, 11, 12, 13], "safe": [4, 11, 12, 13]}
OPTIONS={"type": [1, 5, 6, 7, 12, 14, 15], "safe": [6, 7, 14, 15]}
OPTIONS={"type": [1, 5, 6, 8, 11, 14, 15], "safe": [6, 8, 11, 14]}
OPTIONS={"type": [1, 5, 6, 8, 12, 13, 15], "safe": [6, 8, 13, 15]}
OPTIONS={"type": [1, 5, 6, 9, 10, 14, 15], "safe": [6, 9, 10, 15]}
OPTIONS={"type": [1, 5, 6, 9, 11, 13, 15], "safe": [6, 9, 11, 13]}
OPTIONS={"type": [1, 5, 6, 9, 12, 13, 14], "safe": [6, 9, 12, 13, 14]}
OPTIONS={"type": [1, 5, 7, 8, 10, 14, 15], "safe": [7, 8, 10]}
OPTIONS={"type": [1, 5, 7, 8, 11, 13, 15], "safe": [7, 8, 11]}
OPTIONS={"type": [1, 5, 7, 8, 12, 13, 14], "safe": [7, 8, 13, 14]}
OPTIONS={"type": [1, 5, 7, 9, 10, 13, 15], "safe": [7, 9, 10, 13]}
OPTIONS={"type": [1, 5, 7, 10, 11, 12, 14], "safe": [7, 10, 11, 12, 14]}
OPTIONS={"type": [1, 5, 8, 9, 11, 12, 14], "safe": [8, 9, 11, 12, 14]}
OPTIONS={"type": [1, 5, 8, 10, 11, 12, 13], "safe": [10, 11, 12, 13]}
OPTIONS={"type": [1, 6, 8, 9, 10, 11, 15], "safe": [8, 9, 10, 11]}
OPTIONS={"type": [1, 6, 8, 9, 10, 12, 14], "safe": [8, 9, 10, 12]}
OPTIONS={"type": [1, 6, 8, 9, 11, 12, 13], "safe": [8, 9, 11, 12, 13]}
OPTIONS={"type": [1, 7, 8, 9, 10, 11, 14], "safe": [8, 9, 10, 11, 14]}
OPTIONS={"type": [1, 7, 8, 9, 10, 12, 13], "safe": [8, 9, 10, 12, 13]}
OPTIONS={"type": [2, 3, 4, 9, 13, 14, 15], "safe": [4, 15]}
OPTIONS={"type": [2, 3, 4, 10, 12, 14, 15], "safe": [4, 12, 14, 15]}
OPTIONS={"type": [2, 3, 4, 11, 12, 13, 15], "safe": [4, 12, 15]}
OPTIONS={"type": [2, 3, 5, 8, 13, 14, 15], "safe": [5, 8]}
OPTIONS={"type": [2, 3, 5, 9, 12, 14, 15], "safe": [5, 14, 15]}
OPTIONS={"type": [2, 3, 5, 10, 11, 14, 15], "safe": [5, 14, 15]}
OPTIONS={"type": [2, 3, 5, 10, 12, 13, 15], "safe": [5, 12, 13, 15]}
OPTIONS={"type": [2, 3, 5, 11, 12, 13, 14], "safe": [5, 12, 14]}
OPTIONS={"type": [2, 3, 6, 7, 13, 14, 15], "safe": [6, 7, 14]}
OPTIONS={"type": [2, 3, 6, 8, 12, 14, 15], "safe": [6, 8, 14, 15]}
OPTIONS={"type": [2, 3, 6, 9, 11, 14, 15], "safe": [6, 11, 14, 15]}
OPTIONS={"type": [2, 3, 6, 9, 12, 13, 15], "safe": [6, 9, 12, 13, 15]}
OPTIONS={"type": [2, 3, 6, 10, 11, 13, 15], "safe": [6, 11, 13]}
OPTIONS={"type": [2, 3, 6, 10, 12, 13, 14], "safe": [6, 12, 13, 14]}
OPTIONS={"type": [2, 3, 7, 8, 11, 14, 15], "safe": [8, 11, 14]}
OPTIONS={"type": [2, 3, 7, 8, 12, 13, 15], "safe": [8, 13, 15]}
OPTIONS={"type": [2, 3, 7, 9, 10, 14, 15], "safe": [9, 10, 15]}
OPTIONS={"type": [2, 3, 7, 9, 11, 13, 15], "safe": [9, 11, 13]}
OPTIONS={"type": [2, 3, 7, 9, 12, 13, 14], "safe": [9, 12, 13, 14]}
OPTIONS={"type": [2, 3, 8, 9, 10, 13, 15], "safe": [9, 10, 13]}
OPTIONS={"type": [2, 3, 8, 10, 11, 12, 14], "safe": [10, 11, 12, 14]}
OPTIONS={"type": [2, 3, 9, 10, 11, 12, 13], "safe": [10, 11, 12, 13]}
OPTIONS={"type": [2, 4, 5, 7, 13, 14, 15], "safe": [4, 5, 7, 14]}
OPTIONS={"type": [2, 4, 5, 8, 12, 14, 15], "safe": [4, 5, 8, 14, 15]}
OPTIONS={"type": [2, 4, 5, 9, 11, 14, 15], "safe": [4, 5, 11, 14, 15]}
OPTIONS={"type": [2, 4, 5, 9, 12, 13, 15], "safe": [4, 5, 12, 13, 15]}
OPTIONS={"type": [2, 4, 5, 10, 11, 13, 15], "safe": [4, 5, 11, 13]}
OPTIONS={"type": [2, 4, 5, 10, 12, 13, 14], "safe": [4, 5, 12, 13, 14]}
OPTIONS={"type": [2, 4, 6, 7, 12, 14, 15], "safe": [4, 6, 7, 14, 15]}
OPTIONS={"type": [2, 4, 6, 8, 11, 14, 15], "safe": [6, 8, 11, 14]}
OPTIONS={"type": [2, 4, 6, 8, 12, 13, 15], "safe": [6, 8, 13, 15]}
OPTIONS={"type": [2, 4, 6, 9, 10, 14, 15], "safe": [4, 6, 9, 10, 15]}
OPTIONS={"type": [2, 4, 6, 9, 11, 13, 15], "safe": [4, 6, 9, 11, 13]}
OPTIONS={"type": [2, 4, 6, 9, 12, 13, 14], "safe": [4, 6, 9, 12, 13, 14]}
OPTIONS={"type": [2, 4, 7, 8, 10, 14, 15], "safe": [4, 7, 8, 10]}
OPTIONS={"type": [2, 4, 7, 8, 11, 13, 15], "safe": [4, 7, 8, 11]}
OPTIONS={"type": [2, 4, 7, 8, 12, 13, 14], "safe": [4, 7, 8, 13, 14]}
OPTIONS={"type": [2, 4, 7, 9, 10, 13, 15], "safe": [4, 7, 9, 10, 13]}
OPTIONS={"type": [2, 4, 7, 10, 11, 12, 14], "safe": [4, 7, 10, 11, 12, 14]}
OPTIONS={"type": [2, 4, 8, 9, 11, 12, 14], "safe": [4, 9, 11, 12, 14]}
OPTIONS={"type": [2, 4, 8, 10, 11, 12, 13], "safe": [4, 10, 11, 12, 13]}
OPTIONS={"type": [2, 5, 6, 7, 11, 14, 15], "safe": [6, 7, 14]}
OPTIONS={"type": [2, 5, 6, 7, 12, 13, 15], "safe": [6, 7, 13]}
OPTIONS={"type": [2, 5, 6, 8, 10, 14, 15], "safe": [6, 8, 10]}
OPTIONS={"type": [2, 5, 6, 8, 11, 13, 15], "safe": [6, 8, 11]}
OPTIONS={"type": [2, 5, 6, 8, 12, 13, 14], "safe": [6, 8, 13, 14]}
OPTIONS={"type": [2, 5, 6, 9, 10, 13, 15], "safe": [6, 9, 10, 13]}
OPTIONS={"type": [2, 5, 6, 10, 11, 12, 14], "safe": [6, 11, 12, 14]}
OPTIONS={"type": [2, 5, 8, 9, 10, 11, 15], "safe": [5, 8, 9, 10, 11]}
OPTIONS={"type": [2, 5, 8, 9, 10, 12, 14], "safe": [5, 8, 9, 10, 12]}
OPTIONS={"type": [2, 5, 8, 9, 11, 12, 13], "safe": [5, 8, 9, 11, 12, 13]}
OPTIONS={"type": [2, 6, 7, 8, 9, 13, 15], "safe": [7, 8, 9]}
OPTIONS={"type": [2, 6, 7, 8, 11, 12, 14], "safe": [7, 8, 11, 12, 14]}
OPTIONS={"type": [2, 6, 7, 9, 10, 11, 15], "safe": [7, 9, 10, 11]}
OPTIONS={"type": [2, 6, 7, 9, 10, 12, 14], "safe": [7, 9, 10, 12]}
OPTIONS={"type": [2, 6, 7, 9, 11, 12, 13], "safe": [7, 9, 11, 12, 13]}
OPTIONS={"type": [2, 6, 8, 9, 10, 11, 14], "safe": [8, 9, 10, 11, 14]}
OPTIONS={"type": [2, 6, 8, 9, 10, 12, 13], "safe": [8, 9, 10, 12, 13]}
OPTIONS={"type": [2, 7, 8, 9, 10, 11, 13], "safe": [9, 10, 11, 13]}
OPTIONS={"type": [4, 5, 6, 7, 9, 14, 15], "safe": [6, 7, 9]}
OPTIONS={"type": [4, 5, 6, 7, 10, 13, 15], "safe": [6, 7, 10]}
OPTIONS={"type": [4, 5, 6, 8, 9, 13, 15], "safe": [6, 8, 9]}
OPTIONS={"type": [4, 5, 6, 8, 11, 12, 14], "safe": [6, 8, 11, 12, 14]}
OPTIONS={"type": [4, 5, 6, 9, 10, 11, 15], "safe": [6, 9, 10, 11]}
OPTIONS={"type": [4, 5, 6, 9, 10, 12, 14], "safe": [6, 9, 10, 12]}
OPTIONS={"type": [4, 5, 6, 9, 11, 12, 13], "safe": [6, 9, 11, 12, 13]}
OPTIONS={"type": [4, 5, 7, 8, 10, 11, 15], "safe": [7, 8, 10, 11]}
OPTIONS={"type": [4, 5, 7, 8, 10, 12, 14], "safe": [7, 8, 10, 12]}
OPTIONS={"type": [4, 5, 7, 8, 11, 12, 13], "safe": [7, 8, 11, 12, 13]}
OPTIONS={"type": [4, 5, 7, 9, 10, 11, 14], "safe": [7, 9, 10, 11, 14]}
OPTIONS={"type": [4, 5, 7, 9, 10, 12, 13], "safe": [7, 9, 10, 12, 13]}
OPTIONS={"type": [4, 5, 8, 9, 10, 11, 13], "safe": [8, 9, 10, 11, 13]}
OPTIONS={"type": [4, 6, 7, 8, 9, 11, 15], "safe": [6, 7, 8, 9, 11]}
OPTIONS={"type": [4, 6, 7, 8, 9, 12, 14], "safe": [6, 7, 8, 9, 12]}
OPTIONS={"type": [4, 6, 7, 8, 10, 11, 14], "safe": [6, 7, 8, 10, 11, 14]}
OPTIONS={"type": [4, 6, 7, 8, 10, 12, 13], "safe": [6, 7, 8, 10, 12, 13]}
OPTIONS={"type": [4, 6, 7, 9, 10, 11, 13], "safe": [6, 7, 9, 10, 11, 13]}
OPTIONS={"type": [4, 6, 8, 9, 10, 11, 12], "safe": [6, 8, 9, 10, 11, 12]}
OPTIONS={"type": [5, 6, 7, 8, 9, 10, 15], "safe": [7, 8, 9, 10]}
OPTIONS={"type": [5, 6, 7, 8, 9, 11, 14], "safe": [7, 8, 9, 11]}
OPTIONS={"type": [5, 6, 7, 8, 9, 12, 13], "safe": [7, 8, 9, 12, 13]}
OPTIONS={"type": [5, 6, 7, 8, 10, 11, 13], "safe": [7, 8, 10, 11, 13]}
OPTIONS={"type": [5, 6, 7, 9, 10, 11, 12], "safe": [7, 9, 10, 11, 12]}
SAFE_COUNTS={"1": 1, "2": 5, "3": 36, "4": 57, "5": 49, "6": 7}
N_UNCOVERED=0
N_OPTION_PAIRS_CHECKED=399222
N_OPEN_OPTION_COMBOS=1338
SEARCH_NODES=155
ASSIGNMENT=[{"type": [1, 2, 3, 12, 13, 14, 15], "offset": 13}, {"type": [1, 2, 4, 11, 13, 14, 15], "offset": 13}, {"type": [1, 2, 5, 10, 13, 14, 15], "offset": 13}, {"type": [1, 2, 5, 11, 12, 14, 15], "offset": 12}, {"type": [1, 2, 6, 9, 13, 14, 15], "offset": 9}, {"type": [1, 2, 6, 10, 12, 14, 15], "offset": 12}, {"type": [1, 2, 6, 11, 12, 13, 15], "offset": 15}, {"type": [1, 2, 7, 8, 13, 14, 15], "offset": 8}, {"type": [1, 2, 7, 9, 12, 14, 15], "offset": 9}, {"type": [1, 2, 7, 10, 11, 14, 15], "offset": 10}, {"type": [1, 2, 7, 10, 12, 13, 15], "offset": 12}, {"type": [1, 2, 7, 11, 12, 13, 14], "offset": 13}, {"type": [1, 2, 8, 9, 11, 14, 15], "offset": 9}, {"type": [1, 2, 8, 9, 12, 13, 15], "offset": 9}, {"type": [1, 2, 8, 10, 11, 13, 15], "offset": 10}, {"type": [1, 2, 8, 10, 12, 13, 14], "offset": 10}, {"type": [1, 3, 4, 10, 13, 14, 15], "offset": 13}, {"type": [1, 3, 4, 11, 12, 14, 15], "offset": 12}, {"type": [1, 3, 5, 9, 13, 14, 15], "offset": 5}, {"type": [1, 3, 5, 10, 12, 14, 15], "offset": 5}, {"type": [1, 3, 5, 11, 12, 13, 15], "offset": 5}, {"type": [1, 3, 6, 8, 13, 14, 15], "offset": 3}, {"type": [1, 3, 6, 9, 12, 14, 15], "offset": 3}, {"type": [1, 3, 6, 10, 11, 14, 15], "offset": 3}, {"type": [1, 3, 6, 10, 12, 13, 15], "offset": 3}, {"type": [1, 3, 6, 11, 12, 13, 14], "offset": 3}, {"type": [1, 3, 7, 8, 12, 14, 15], "offset": 8}, {"type": [1, 3, 7, 9, 11, 14, 15], "offset": 3}, {"type": [1, 3, 7, 9, 12, 13, 15], "offset": 3}, {"type": [1, 3, 7, 10, 11, 13, 15], "offset": 3}, {"type": [1, 3, 7, 10, 12, 13, 14], "offset": 3}, {"type": [1, 3, 8, 9, 10, 14, 15], "offset": 3}, {"type": [1, 3, 8, 9, 11, 13, 15], "offset": 3}, {"type": [1, 3, 8, 9, 12, 13, 14], "offset": 3}, {"type": [1, 3, 9, 10, 11, 12, 14], "offset": 3}, {"type": [1, 4, 5, 8, 13, 14, 15], "offset": 8}, {"type": [1, 4, 5, 9, 12, 14, 15], "offset": 5}, {"type": [1, 4, 5, 10, 11, 14, 15], "offset": 5}, {"type": [1, 4, 5, 10, 12, 13, 15], "offset": 5}, {"type": [1, 4, 5, 11, 12, 13, 14], "offset": 5}, {"type": [1, 4, 6, 7, 13, 14, 15], "offset": 14}, {"type": [1, 4, 6, 8, 12, 14, 15], "offset": 6}, {"type": [1, 4, 6, 9, 11, 14, 15], "offset": 6}, {"type": [1, 4, 6, 9, 12, 13, 15], "offset": 6}, {"type": [1, 4, 6, 10, 11, 13, 15], "offset": 6}, {"type": [1, 4, 6, 10, 12, 13, 14], "offset": 6}, {"type": [1, 4, 7, 8, 11, 14, 15], "offset": 4}, {"type": [1, 4, 7, 8, 12, 13, 15], "offset": 4}, {"type": [1, 4, 7, 9, 10, 14, 15], "offset": 15}, {"type": [1, 4, 7, 9, 11, 13, 15], "offset": 4}, {"type": [1, 4, 7, 9, 12, 13, 14], "offset": 4}, {"type": [1, 4, 8, 9, 10, 13, 15], "offset": 9}, {"type": [1, 4, 8, 10, 11, 12, 14], "offset": 4}, {"type": [1, 4, 9, 10, 11, 12, 13], "offset": 11}, {"type": [1, 5, 6, 7, 12, 14, 15], "offset": 6}, {"type": [1, 5, 6, 8, 11, 14, 15], "offset": 6}, {"type": [1, 5, 6, 8, 12, 13, 15], "offset": 6}, {"type": [1, 5, 6, 9, 10, 14, 15], "offset": 15}, {"type": [1, 5, 6, 9, 11, 13, 15], "offset": 6}, {"type": [1, 5, 6, 9, 12, 13, 14], "offset": 6}, {"type": [1, 5, 7, 8, 10, 14, 15], "offset": 10}, {"type": [1, 5, 7, 8, 11, 13, 15], "offset": 11}, {"type": [1, 5, 7, 8, 12, 13, 14], "offset": 13}, {"type": [1, 5, 7, 9, 10, 13, 15], "offset": 9}, {"type": [1, 5, 7, 10, 11, 12, 14], "offset": 7}, {"type": [1, 5, 8, 9, 11, 12, 14], "offset": 8}, {"type": [1, 5, 8, 10, 11, 12, 13], "offset": 11}, {"type": [1, 6, 8, 9, 10, 11, 15], "offset": 8}, {"type": [1, 6, 8, 9, 10, 12, 14], "offset": 8}, {"type": [1, 6, 8, 9, 11, 12, 13], "offset": 9}, {"type": [1, 7, 8, 9, 10, 11, 14], "offset": 9}, {"type": [1, 7, 8, 9, 10, 12, 13], "offset": 9}, {"type": [2, 3, 4, 9, 13, 14, 15], "offset": 15}, {"type": [2, 3, 4, 10, 12, 14, 15], "offset": 12}, {"type": [2, 3, 4, 11, 12, 13, 15], "offset": 12}, {"type": [2, 3, 5, 8, 13, 14, 15], "offset": 8}, {"type": [2, 3, 5, 9, 12, 14, 15], "offset": 14}, {"type": [2, 3, 5, 10, 11, 14, 15], "offset": 14}, {"type": [2, 3, 5, 10, 12, 13, 15], "offset": 12}, {"type": [2, 3, 5, 11, 12, 13, 14], "offset": 12}, {"type": [2, 3, 6, 7, 13, 14, 15], "offset": 14}, {"type": [2, 3, 6, 8, 12, 14, 15], "offset": 6}, {"type": [2, 3, 6, 9, 11, 14, 15], "offset": 6}, {"type": [2, 3, 6, 9, 12, 13, 15], "offset": 6}, {"type": [2, 3, 6, 10, 11, 13, 15], "offset": 6}, {"type": [2, 3, 6, 10, 12, 13, 14], "offset": 6}, {"type": [2, 3, 7, 8, 11, 14, 15], "offset": 11}, {"type": [2, 3, 7, 8, 12, 13, 15], "offset": 13}, {"type": [2, 3, 7, 9, 10, 14, 15], "offset": 15}, {"type": [2, 3, 7, 9, 11, 13, 15], "offset": 9}, {"type": [2, 3, 7, 9, 12, 13, 14], "offset": 9}, {"type": [2, 3, 8, 9, 10, 13, 15], "offset": 9}, {"type": [2, 3, 8, 10, 11, 12, 14], "offset": 10}, {"type": [2, 3, 9, 10, 11, 12, 13], "offset": 11}, {"type": [2, 4, 5, 7, 13, 14, 15], "offset": 14}, {"type": [2, 4, 5, 8, 12, 14, 15], "offset": 8}, {"type": [2, 4, 5, 9, 11, 14, 15], "offset": 11}, {"type": [2, 4, 5, 9, 12, 13, 15], "offset": 12}, {"type": [2, 4, 5, 10, 11, 13, 15], "offset": 11}, {"type": [2, 4, 5, 10, 12, 13, 14], "offset": 12}, {"type": [2, 4, 6, 7, 12, 14, 15], "offset": 14}, {"type": [2, 4, 6, 8, 11, 14, 15], "offset": 8}, {"type": [2, 4, 6, 8, 12, 13, 15], "offset": 8}, {"type": [2, 4, 6, 9, 10, 14, 15], "offset": 4}, {"type": [2, 4, 6, 9, 11, 13, 15], "offset": 4}, {"type": [2, 4, 6, 9, 12, 13, 14], "offset": 4}, {"type": [2, 4, 7, 8, 10, 14, 15], "offset": 8}, {"type": [2, 4, 7, 8, 11, 13, 15], "offset": 8}, {"type": [2, 4, 7, 8, 12, 13, 14], "offset": 7}, {"type": [2, 4, 7, 9, 10, 13, 15], "offset": 7}, {"type": [2, 4, 7, 10, 11, 12, 14], "offset": 4}, {"type": [2, 4, 8, 9, 11, 12, 14], "offset": 4}, {"type": [2, 4, 8, 10, 11, 12, 13], "offset": 4}, {"type": [2, 5, 6, 7, 11, 14, 15], "offset": 14}, {"type": [2, 5, 6, 7, 12, 13, 15], "offset": 13}, {"type": [2, 5, 6, 8, 10, 14, 15], "offset": 10}, {"type": [2, 5, 6, 8, 11, 13, 15], "offset": 11}, {"type": [2, 5, 6, 8, 12, 13, 14], "offset": 14}, {"type": [2, 5, 6, 9, 10, 13, 15], "offset": 6}, {"type": [2, 5, 6, 10, 11, 12, 14], "offset": 6}, {"type": [2, 5, 8, 9, 10, 11, 15], "offset": 5}, {"type": [2, 5, 8, 9, 10, 12, 14], "offset": 5}, {"type": [2, 5, 8, 9, 11, 12, 13], "offset": 5}, {"type": [2, 6, 7, 8, 9, 13, 15], "offset": 7}, {"type": [2, 6, 7, 8, 11, 12, 14], "offset": 7}, {"type": [2, 6, 7, 9, 10, 11, 15], "offset": 7}, {"type": [2, 6, 7, 9, 10, 12, 14], "offset": 7}, {"type": [2, 6, 7, 9, 11, 12, 13], "offset": 7}, {"type": [2, 6, 8, 9, 10, 11, 14], "offset": 8}, {"type": [2, 6, 8, 9, 10, 12, 13], "offset": 8}, {"type": [2, 7, 8, 9, 10, 11, 13], "offset": 9}, {"type": [4, 5, 6, 7, 9, 14, 15], "offset": 6}, {"type": [4, 5, 6, 7, 10, 13, 15], "offset": 6}, {"type": [4, 5, 6, 8, 9, 13, 15], "offset": 6}, {"type": [4, 5, 6, 8, 11, 12, 14], "offset": 6}, {"type": [4, 5, 6, 9, 10, 11, 15], "offset": 6}, {"type": [4, 5, 6, 9, 10, 12, 14], "offset": 6}, {"type": [4, 5, 6, 9, 11, 12, 13], "offset": 6}, {"type": [4, 5, 7, 8, 10, 11, 15], "offset": 7}, {"type": [4, 5, 7, 8, 10, 12, 14], "offset": 7}, {"type": [4, 5, 7, 8, 11, 12, 13], "offset": 7}, {"type": [4, 5, 7, 9, 10, 11, 14], "offset": 7}, {"type": [4, 5, 7, 9, 10, 12, 13], "offset": 7}, {"type": [4, 5, 8, 9, 10, 11, 13], "offset": 9}, {"type": [4, 6, 7, 8, 9, 11, 15], "offset": 7}, {"type": [4, 6, 7, 8, 9, 12, 14], "offset": 7}, {"type": [4, 6, 7, 8, 10, 11, 14], "offset": 7}, {"type": [4, 6, 7, 8, 10, 12, 13], "offset": 7}, {"type": [4, 6, 7, 9, 10, 11, 13], "offset": 7}, {"type": [4, 6, 8, 9, 10, 11, 12], "offset": 8}, {"type": [5, 6, 7, 8, 9, 10, 15], "offset": 7}, {"type": [5, 6, 7, 8, 9, 11, 14], "offset": 7}, {"type": [5, 6, 7, 8, 9, 12, 13], "offset": 8}, {"type": [5, 6, 7, 8, 10, 11, 13], "offset": 7}, {"type": [5, 6, 7, 9, 10, 11, 12], "offset": 7}]
OPEN_PAIRS=0
CONCLUSION=found a pairwise-injective φ7∪φ11-blocked offset choice
