111 40 0 41 129
1345 255 12 292 1363
24362 9461 11 9495 24486
28322 4801 6 4820 28602
30048 2310 0 2311 30170
30264 1642 0 1643 30438
30546 1181 14 1224 30764
51235 9434 55 9600 51341
54079 5276 30 5367 54217
55457 2519 49 2667 55499
77852 32672 128 33057 77946
88236 18240 66 18439 88424
90738 14447 4 14460 91220
96262 6981 0 6982 96534
136517 62025 102 62332 137075
159323 33130 174 33653 159499
165459 25298 3 25308 166619
169839 18182 89 18450 169969
169969 17863 31 17957 170723
253774 103755 234 104458 254182
311124 31742 21 31806 311200
319414 18183 8 18208 320288
323782 9961 1003 12971 326166
326166 5015 840 7536 328002
519861 102581 28 102666 520099
555725 57347 73 57567 558207
579985 18225 149 18673 581257
816194 343519 248 344264 816456
816456 342790 44 342923 816550
817002 341861 210 342492 817216
819770 336115 6 336134 820790
858548 264722 157 265194 858662
919264 184958 47 185100 920724
970688 109442 270 110253 971446
972290 106285 321 107249 972550
972550 105459 18 105514 972810
972810 104931 103 105241 976192
977510 93099 593 94879 977914
999824 57540 79 57778 1000766
1020130 27495 422 28762 1020660
1021266 24359 44 24492 1023614
1023614 20171 1028 23256 1026070
1026070 15111 881 17755 1032528
1415281 615693 467 617095 1415809
1415809 614273 104 614586 1416299
1681609 214707 167 215209 1681729
1695405 188237 223 188907 1695757
1700269 178207 252 178964 1700873
1721451 137500 1930 143291 1723671
1723671 131312 341 132336 1724171
1736135 105184 24 105257 1737139
1737139 103512 471 104926 1738345
1739901 97845 334 98848 1742763
1742763 93100 1315 97046 1743709
1760307 58708 2158 65183 1764283
1764283 47608 138 48023 1765327
1769495 38960 1920 44721 1771675
1771675 33122 445 34458 1775337
1775337 27029 1678 32064 1779043
