# arc c v T c0 v0 hasRun J hPrev runStart sweepOk blocked outcome iObs rBreak kBreak endOffset continued gap endedEarly arcCompleted iPred iWrap candMask(first 24 bits, 1=visited) candEqCV1 runStartSub sweepNext teethCands jEff iGen l45Outcome l45Pairs l45RStart l45EndOffset
40 11685598221 4318940415 1 11685598221 4318940415 1 276986 4319771374 11685044248 1 1 l3blocked 0 4318940405 5 5 1 143256 0 1 92329 616991487 111111111111111111111111 0 1 1 0 276987 92329 lowerFresh 31057 4318940405 62121
40 11685800825 4318347241 29675 11685741477 4318376915 1 0 4318376916 11685741476 1 1 l3blocked 0 4318347231 5 5 1 98928 0 1 0 616906747 111111111111111111111111 0 1 1 1 1 29675 lowerFresh 49459 4318347231 98925
40 13583778467 458589834 1 13583778467 458589834 1 437185 459901390 13582904096 1 1 l3blocked 0 458589824 5 5 1 284402 0 1 145729 65512832 111111111111111111111111 0 1 1 0 437186 145729 lowerFresh 52235 458589824 104477
40 13584119541 457586799 28337 13584062869 457615135 1 31292 457709012 13584000284 1 1 l3blocked 0 457586789 5 5 1 2430424 0 1 10431 65369541 111111111111111111111111 0 1 1 1 31293 38767 lowerFresh 78521 457586789 157049
40 13608928985 407032331 1 13608928985 407032331 1 607432 408854628 13607714120 1 1 l3blocked 106931 406283804 5 213867 1 309912 0 1 202478 58147475 111111111111111111111111 0 1 1 0 607433 202478 upperBlocked 0 406283804 213868
40 13609276355 405786344 18730 13609238897 405805073 1 0 405805074 13609238896 1 1 break 18730 405655221 2 37466 1 150830 0 1 0 57969476 111111111111111111111111 0 1 1 1 1 18730 none 0 0 0
40 13622634025 378785905 1 13622634025 378785905 1 201068 379389110 13622231888 1 1 l3blocked 23736 378619743 5 47477 1 126432 0 1 67023 54112271 111111111111111111111111 0 1 1 0 201069 67023 upperBlocked 0 378619743 47478
40 13622766315 378335782 2930 13622760457 378338711 1 6739 378358929 13622746978 1 1 break 5176 378299537 2 10358 1 10360 0 1 2247 54047968 111111111111111111111111 0 1 1 1 6740 5176 none 0 0 0
40 13743308467 133620104 1 13743308467 133620104 1 674928 135644889 13741958610 1 1 l3blocked 93344 132966686 5 186693 1 366986 0 1 224976 19088585 111111111111111111111111 0 1 1 0 674929 224977 upperBlocked 0 132966686 186694
40 13743685751 132206054 5150 13743675453 132211203 1 0 132211204 13743675452 1 1 l3blocked 0 132206044 5 5 1 106180 0 1 0 18886578 111111111111111111111111 0 1 1 1 1 5150 upperBlocked 1741 132206044 3488
