near-diagonal-rate horizon=3000000000
decade clocks interior subDiagonal candidate01 smallExcess interiorSub doubleInterior nearRelative(h<=n/1000)
1e0 9 7 1 4 2 1 5 1
1e1 90 71 33 35 14 33 68 2
1e2 900 600 255 257 64 255 512 2
1e3 9000 5999 2576 2579 65 2576 5155 4
1e4 90000 58450 24852 24854 57 24852 49706 41
1e5 900000 589318 258544 258545 20 258544 517089 58
1e6 9000000 5908702 2592302 2592304 54 2592302 5184606 1420
1e7 90000000 58726148 25403105 25403107 42 25403105 50806212 20532
1e8 900000000 581047894 257018884 257018884 0 257018884 514037768 371769
1e9 2000000001 1297151053 572967510 572967510 0 572967510 1145935020 746972
excess bins per decade: e in [4^j, 4^(j+1)) for j=0..14
1e0 1 1 0 0 0 0 0 0 0 0 0 0 0 0 0
1e1 2 6 6 5 0 0 0 0 0 0 0 0 0 0 0
1e2 3 14 47 92 125 19 0 0 0 0 0 0 0 0 0
1e3 3 12 48 216 568 1023 1025 106 0 0 0 0 0 0 0
1e4 2 8 46 199 638 2411 7835 12199 7935 277 0 0 0 0 0
1e5 1 4 15 61 305 1609 8932 29907 86478 98083 85287 0 0 0 0
1e6 2 11 41 167 665 1718 9384 41656 125133 455575 1066304 1188340 202302 0 0
1e7 2 8 32 128 487 1024 4886 39286 131507 500241 1854211 7137126 13197084 8257155 150675
1e8 0 0 0 0 0 961 8477 53740 162052 678039 2581271 8455626 26786708 76094482 204130750
1e9 0 0 0 0 0 1121 8104 14356 75481 280709 1149604 4516112 14850700 54393905 627558856
thresholds per decade: excess<=1356 excess1357..4095 minExcess@clock | interior height<=1356 height1357..4095 minHeight@clock
1e0 2 0 2@9 | 5 0 1@2
1e1 19 0 1@20 | 38 0 1@10
1e2 281 19 2@133 | 345 0 1@247
1e3 997 873 1@1519 | 1288 1493 1@2751
1e4 1281 2023 1@31220 | 1322 2427 1@57070
1e5 608 1387 3@181691 | 608 1260 2@181692
1e6 1100 1504 3@1034836 | 829 1444 2@1034837
1e7 768 913 2@58056873 | 768 913 1@58056874
1e8 48 913 1215@302890400 | 47 913 1217@302890399
1e9 0 1121 2403@2789149736 | 0 1123 2405@2789149735
checkpoint clock unvisited[0,n] unvisited[n,n+1e5]
at 10 5 99996
at 100 29 99981
at 1000 388 99789
at 10000 4369 97891
at 100000 53894 79783
at 1000000 533832 65904
at 10000000 5324733 90449
at 100000000 54845458 100001
at 1000000000 511023611 71955
