run-length-recaman horizon=1000000000000
decade clocks interior subDiagonal height<=1356 height1357..4095 minHeight@clock subtractions fresh
1e0 9 7 1 5 0 1@2 2 9
1e1 90 71 33 38 0 1@10 44 81
1e2 900 600 255 345 0 1@247 447 733
1e3 9000 5999 2576 1288 1493 1@2751 4499 6917
1e4 90000 58450 24852 1322 2427 1@57070 44998 66512
1e5 900000 589318 258544 608 1260 2@181692 449998 662496
1e6 9000000 5908702 2592302 829 1444 2@1034837 4499998 6292142
1e7 90000000 58726148 25403105 768 913 1@58056874 44999998 64201582
1e8 900000000 581047894 257018884 47 913 1217@302890399 449999997 630720641
1e9 9000000000 5869225659 2632334475 452 2036 2@8416580353 4499999999 6310154750
1e10 90000000000 55258604539 25064465730 904 2588 2@23006557537 44999999996 66313368218
1e11 900000000000 563847698510 255485650366 2259 4564 2@107078836272 449999999999 646962324051
1e12 1 1 1 0 0 0@0 1 1
chain entries per decade into height band [1,K]: entries (h mod 3 = 0/1/2) for K = 1024 4096 16384 65536 262144 1048576
1e0 | 2 (0/1/1) | 2 (0/1/1) | 2 (0/1/1) | 2 (0/1/1) | 2 (0/1/1) | 2 (0/1/1)
1e1 | 32 (11/9/12) | 32 (11/9/12) | 32 (11/9/12) | 32 (11/9/12) | 32 (11/9/12) | 32 (11/9/12)
1e2 | 301 (89/101/111) | 256 (84/86/86) | 256 (84/86/86) | 256 (84/86/86) | 256 (84/86/86) | 256 (84/86/86)
1e3 | 1006 (393/384/229) | 2706 (989/869/848) | 2896 (930/922/1044) | 2577 (859/858/860) | 2577 (859/858/860) | 2577 (859/858/860)
1e4 | 888 (456/286/146) | 3750 (1426/797/1527) | 16782 (6815/5042/4925) | 31934 (11801/9819/10314) | 26533 (8599/8919/9015) | 24853 (8282/8287/8284)
1e5 | 387 (1/53/333) | 1868 (1/512/1355) | 11212 (2089/2049/7074) | 53493 (15297/15263/22933) | 213545 (64956/76013/72576) | 305925 (94711/109116/102098)
1e6 | 682 (0/0/682) | 2273 (1/66/2206) | 11657 (2935/1073/7649) | 52725 (23903/9675/19147) | 198187 (65072/61462/71653) | 957635 (323998/318569/315068)
1e7 | 657 (0/316/341) | 1681 (0/316/1365) | 6569 (1479/317/4773) | 44057 (27053/2092/14912) | 172363 (74223/47829/50311) | 700616 (249707/197614/253295)
1e8 | 0 (0/0/0) | 960 (0/0/960) | 9437 (527/0/8910) | 63174 (20242/3744/39188) | 225797 (35819/32352/157626) | 883061 (229204/216473/437384)
1e9 | 341 (0/0/341) | 2488 (1121/0/1367) | 14687 (9223/0/5464) | 51061 (17731/794/32536) | 198974 (29588/44035/125351) | 674112 (205904/120935/347273)
1e10 | 682 (0/0/682) | 3492 (761/0/2731) | 15780 (4857/0/10923) | 60683 (16992/0/43691) | 172923 (47093/44358/81472) | 713648 (198554/157862/357232)
1e11 | 1705 (682/0/1023) | 6823 (2726/0/4097) | 23886 (10918/0/12968) | 92100 (43685/2678/45737) | 288985 (91241/55967/141777) | 992633 (227624/297018/467991)
1e12 | 0 (0/0/0) | 0 (0/0/0) | 0 (0/0/0) | 0 (0/0/0) | 0 (0/0/0) | 0 (0/0/0)
late landings per decade (a n < n and a n <= 1048576): count fresh
1e0 1 1
1e1 33 33
1e2 255 255
1e3 2576 2576
1e4 24852 24852
1e5 258544 258544
1e6 500678 500678
1e7 54129 54129
1e8 9370 9370
1e9 2309 2309
1e10 972 972
1e11 430 430
1e12 0 0
first 20 late landings beyond clock 1000000000: clock value fresh (20 listed)
late 1609727061 969193 fresh
late 1609727063 969192 fresh
late 1609727065 969191 fresh
late 1609727067 969190 fresh
late 1609727069 969189 fresh
late 1609727071 969188 fresh
late 1609727073 969187 fresh
late 1609727075 969186 fresh
late 1609727077 969185 fresh
late 1609727079 969184 fresh
late 1609727081 969183 fresh
late 1609727083 969182 fresh
late 1609727085 969181 fresh
late 1609727087 969180 fresh
late 1609727089 969179 fresh
late 1609727091 969178 fresh
late 1609727093 969177 fresh
late 1609727095 969176 fresh
late 1609727097 969175 fresh
late 1609727099 969174 fresh
checkpoint clock intervals visited mex maxValue value elapsed
at 1 1 2 2 1 1 6e-06
at 10 4 11 4 21 11 8.458e-06
at 100 9 92 4 228 164 1.3708e-05
at 1000 36 825 19 3686 3686 6.75e-05
at 10000 103 7741 19 37947 18658 0.000397041
at 100000 427 74253 61 592216 199508 0.00377854
at 1000000 1442 736749 1355 5946126 2057164 0.0203969
at 10000000 4456 7028891 1355 61998984 20438710 0.0377533
at 100000000 13652 71230474 1355 699113499 203701556 0.0476251
at 1000000000 37651 701951115 1355 6699287376 3802905932 0.102382
at 10000000000 105347 7012105864 1355 72180341937 16705983634 0.540928
at 100000000000 288731 73325474083 1355 813695937705 314360631022 3.50151
at 1000000000000 861607 720287798134 2406 7546295320676 739346336848 32.7268
mex changes: clock oldMex newMex (7 listed, 0 dropped)
mex 1 1 2
mex 4 2 4
mex 131 4 19
mex 99734 19 61
mex 181653 61 879
mex 328002 879 1355
mex 325374625245 1355 2406
value 19: first visited at clock 99734, 1 landings
value 1355: first visited at clock 325374625245, 1 landings
final clock=1000000000000 value=739346336848 intervals=861607 mex=2406 elapsed=32.7269s
mode=accel accelFrom=2097152
sections per decade: sections sectionClocks maxPairs plainSteps
1e0 0 0 0 9
1e1 0 0 0 90
1e2 0 0 0 900
1e3 0 0 0 9000
1e4 0 0 0 90000
1e5 0 0 0 900000
1e6 3196 7896840 108641 1103160
1e7 11964 89977788 480924 22212
1e8 29455 899941446 2171673 58554
1e9 84996 8999833430 12385428 166570
1e10 216215 89999548564 218745292 451436
1e11 672626 899998610890 499999999 1389110
1e12 0 0 0 1
section look-ahead per decade: stopA stopB stopCap jbInfinite
1e6 1287 1908 1 1050
1e7 4820 7143 1 4071
1e8 11775 17679 1 9995
1e9 33834 51153 9 28459
1e10 85164 130961 90 66241
1e11 263635 408092 900 215802
histogram bins: log10(x/n) in [-12,-11.5) ... [-0.5,0) plus an underflow bin first
ja 1e6 0 0 0 0 0 0 0 0 0 0 0 148 91 41 95 223 457 685 725 493 189 41 6 1 1
jb 1e6 0 0 0 0 0 0 0 0 0 0 0 10 37 93 214 436 559 479 245 67 6 0 0 0 0
ja 1e7 0 0 0 0 0 0 0 0 0 508 310 109 161 434 935 1606 2131 2215 1785 1150 533 74 9 3 1
jb 1e7 0 0 0 0 0 0 0 0 0 23 47 156 352 886 1495 1932 1653 913 355 79 2 0 0 0 0
ja 1e8 0 0 0 0 0 0 0 961 994 225 139 364 901 1953 3603 5045 5805 4600 3013 1511 297 30 11 2 1
jb 1e8 0 0 0 0 0 0 0 24 49 96 307 829 1836 3377 4711 4349 2603 1025 237 17 0 0 0 0 0
ja 1e9 0 0 0 0 0 2600 2030 402 200 391 985 2556 5550 10204 14892 16637 13929 8912 4204 1335 139 25 4 1 0
jb 1e9 0 0 0 0 0 54 79 118 272 871 2281 5177 9727 13502 12686 7657 3115 864 128 6 0 0 0 0 0
ja 1e10 0 0 0 6140 5115 897 237 353 957 2522 6296 14162 25125 35812 41435 36686 24166 12037 3599 569 86 19 2 0 0
jb 1e10 0 0 0 119 93 96 253 760 2192 5629 12323 23508 33743 33992 22699 10421 3446 647 53 0 0 0 0 0 0
ja 1e11 0 21584 13023 2912 438 455 1160 3304 9020 21476 44857 76689 109332 128096 113840 73565 35630 13623 3114 414 76 11 6 1 1
jb 1e11 0 242 198 118 324 950 2641 7416 18073 40044 73281 104239 102644 66010 28642 9313 2277 378 35 0 0 0 0 0 0
